-------------------------------------------------------
Злость          0.80       0.80       0.80       5
Отвращение      0.71       1.00       0.83       5
Страх           1.00       0.80       0.89       5
Радость         1.00       1.00       1.00       5
Нейтральность   0.83       1.00       0.91       5
Грусть          1.00       0.80       0.89       5
Удивление       1.00       0.80       0.89       5
-------------------------------------------------------
macro avg       0.91       0.89       0.89       35

Accuracy: 0.89
